0.24543861355980576,7.381231710999862,2
5.456672102186059,5.546034571827049,2
5.684037332792649,6.366210307903056,2
6.039917029007059,2.9806433552496796,2
7.620521203546491,2.8329782681015616,2
6.553532263888736,7.617909824547911,2
7.606550655543121,5.357916857615851,2
7.239610817339313,5.738485124122006,2
5.028852136065983,0.13109289156453618,2
6.737125053039295,1.615905997015353,2
6.536220468809984,6.889733734837031,2
1.4343742500682557,4.079982873574557,2
3.9337330695616046,2.4891126208342023,1
3.530731640176622,4.025712996536715,1
3.5348993067765364,5.284866923756929,1
6.962086363608674,2.8677451631703295,2
6.507512761336281,7.442784829641389,2
3.383877017586781,6.344771596256895,2
2.8009085161450473,3.8841109108153837,1
5.707433371989841,4.560664750886656,1
6.140891707523992,3.9189310025217883,2
1.489401815421954,2.3417377750545283,2
2.1904030662181726,4.650453901103358,1
6.455908116705759,4.497703140864736,2
0.911495186971801,1.766637696439642,2
1.9191495755007004,4.467544743175836,2
6.071330399935013,0.6275986478543297,2
5.591914543232811,2.4674495951436737,2
3.6248316036267574,1.0287169423292206,2
6.688488056888106,0.7019028780152596,2
3.9469137700620567,6.857607040631631,2
7.9073008295935905,1.8607995201000405,2
5.915940509132697,6.168276087877286,2
5.022188670574093,6.4961187572886745,2
5.964293065162051,2.1641715258677316,2
3.2392971904188372,2.0435184883912356,2
4.119858321422019,2.2399999576500256,1
4.395268144135577,6.527649994185856,2
4.442438125426808,7.343428902059814,2
4.552324025678969,0.5116159765965665,2
7.349716969129141,1.1809356142408838,2
3.8997803530203803,7.619252329883648,2
1.4269124751829176,4.430192173189181,2
7.371068948146536,4.402900927318154,2
5.100270576463593,4.268419576397028,1
2.2532103724749177,3.228503783082969,1
2.593079030518081,5.107157226967734,1
3.600798283813564,1.4262336730987635,2
2.3820094986965854,7.353051624307989,2
5.825036954043305,6.655137891195371,2
7.67694960085358,0.3972878154883476,2
2.527634704551107,1.2935249089813385,2
3.095734004756394,0.29781994100804515,2
2.622644986731272,6.334680215627574,2
5.6328361714013315,3.318853721234073,1
3.197760728475596,6.75654018086001,2
2.175456607861166,5.5182966770053685,2
6.146909741731223,4.968890665749149,2
6.7254419078490715,5.347815282731819,2
3.6922685412691623,0.1170957381389133,2
4.928611346940805,1.8417711239375445,2
3.600995184851005,0.8319655549182206,2
7.1167636468590105,6.646292039514417,2
7.526638569960924,6.168644699298133,2
2.0119568117013373,4.029939663573402,1
3.6528105269843434,1.5470711023371142,2
5.363344532909086,1.4732756389457644,2
5.807096482511599,5.313455831242386,2
1.3504437792249653,0.8527506373959062,2
0.43271614046800494,5.600812543574106,2
6.511148649734242,2.5852135360248854,2
6.242787906343591,0.28686114484543723,2
4.703278996422887,5.652091670458584,1
4.396220480512232,5.441650174106574,1
4.673676433019072,0.7845909219404583,2
6.300363071810796,4.0070677225605635,2
5.55825325788227,0.790796585973985,2
3.6150083674554754,2.4492569473829793,1
6.639471649348699,7.140362246710065,2
4.584166127340339,6.36228619160186,2
3.2949924522433798,3.329524057687953,1
6.280181494853022,1.09694724888417,2
1.0354028634282382,6.970941655632243,2
3.9748792840686686,5.49465042903882,1
3.259743356854286,0.39320740075413363,2
4.165153534785028,0.5108560049759809,2
7.606069333994815,0.3807977602328997,2
6.867346857465246,0.09089871482234982,2
3.1013040482473317,2.107985757452112,2
2.2870971249925196,2.9252778856034873,2
1.3986265471988664,2.3912275433100647,2
6.038134084967647,2.151904472497423,2
0.6398449772789507,3.6857251475762136,2
1.7948250778006882,2.4076432043101095,2
5.788025712437332,7.659702490662635,2
5.478029411151791,5.5183557146367255,2
1.9375317921614865,1.0025247187795034,2
0.7287071705860824,0.36793959785633396,2
4.185611423175881,3.3067805402028716,1
2.24950449395448,5.476092576693439,2
6.473341542816678,1.9728334216872054,2
1.4573737234226667,0.5998698912193471,2
7.554906322508969,4.025378413803918,2
3.1583414901825972,7.748455131690724,2
3.0361585666088917,4.184618916181224,1
1.8055235825660079,3.823821107296669,2
4.9958107926514295,0.5961208187932245,2
6.482373451055576,2.2371737863617165,2
6.301050054918413,5.777917098170417,2
7.896930865147533,7.477707613018812,2
4.634506784319024,3.006089367141059,1
5.721001081137606,2.6714252849799527,2
6.625897639307154,4.358872691347468,2
2.4137443439200372,4.450859404307388,1
3.38943737241069,2.6570838266923085,1
6.47407170202328,5.43524331492369,2
3.8667224135332012,3.4277404939867213,1
3.9078643895823237,4.267287270162888,1
7.250968237930018,4.816554308231882,2
3.9180516925922766,6.026661945365798,2
2.959638537165006,4.961160566295433,1
3.2169418377961847,3.8409052223958913,1
3.8755048997616046,6.044638134896149,2
6.568631529748089,6.405804451805598,2
6.61356367792676,5.651834363670889,2
2.4622632037498637,6.48706019256596,2
3.9722236402243087,0.7466847827110996,2
4.76962669147278,3.976294215148249,1
5.435571435381246,3.493915872147966,1
5.35516733714814,1.966546546390097,2
4.5120180108082435,6.755602689522284,2
6.450641307248612,0.11091199794889064,2
6.17989049058999,3.442909221057165,2
5.959414420872419,3.3047666740851462,2
2.0670026479834864,1.7453844835851522,2
6.014556088411935,5.05144750728094,2
7.120818228377688,7.5328425363530895,2
2.4816179702949834,1.534107878360727,2
1.3553397167906096,3.6063506362902698,2
7.895268888385917,0.8018652313983026,2
4.149368905544136,3.3245956253408235,1
4.893843740480092,3.9928795994822512,1
2.8813899968999057,1.1918790443284524,2
6.174131547248102,4.193406593080353,2
1.4845476336378776,7.873750717799821,2
6.310903209063201,0.4321478270961673,2
5.758760226398688,0.8084287145224051,2
5.283767841414397,5.995090924348949,2
7.63886404344746,3.5591183143860046,2
6.368899834850643,2.5805123642374967,2
2.2872924861745427,4.454914157805082,1
3.4276596784279216,0.4195101055463679,2
2.644073001380773,3.1869416994263604,1
3.6248660300195654,4.831281530386784,1
3.6331445617442384,5.815026537446845,1
4.573390644958201,3.445724504148136,1
3.1477445605618204,0.15695161949445063,2
6.258042086246353,0.813120269491968,2
2.859614383406849,5.827349216338862,2
3.276396830761633,5.811367791441856,1
6.730813156257805,3.5062169291030214,2
4.572110019131914,0.9395882773392221,2
5.561144127391818,1.7203792632826396,2
7.592623712049419,2.302121088463017,2
4.975105917728646,0.2647736854490353,2
5.620262088045723,1.2884406001164257,2
6.71760365986146,2.3359730659686435,2
7.443575874289389,2.217700420774737,2
3.025991678827647,3.0377663358941964,1
3.8647580096779857,5.058514164165696,1
4.9476313249397315,5.070828913559596,1
7.879060905308774,2.7576319039034085,2
1.4623884575702435,4.930660875807227,2
4.205894766759641,0.9678329856676642,2
5.236531699075854,0.703427122115178,2
7.667354758793755,6.732652389802073,2
1.0661748966311866,4.591341994503865,2
4.021985996552064,0.1699365499767989,2
6.990632967412273,2.5509757492041523,2
0.8965852362464652,5.965447371444899,2
5.3939258139296715,5.0853647948247325,1
1.1703992552674007,3.769802703200073,2
4.563605160706947,1.4275014287066998,2
5.793515571773507,3.8527872677521855,1
7.80645779749317,5.068879258932811,2
6.630279994769052,3.5554393007656424,2
6.6209264705582465,4.476438432126007,2
0.5735506367201819,1.362376643254863,2
6.054794085724919,5.587375056582903,2
1.2732783998523456,0.2335862782813628,2
5.452208412983216,1.5034621656606761,2
4.2389778994053176,1.6506999441535444,2
6.960872674355265,1.6566087095968944,2
6.811873981548442,6.250831382363194,2
5.427505583636686,7.219943378534406,2
6.102438331784373,2.9294877557079735,2
5.669526007569157,0.3782022638618454,2
5.774117538888014,6.308690892535686,2
7.7982582876794,3.767314852320795,2
6.152033032363293,5.142721028249307,2
6.005882262457105,2.580763101919251,2
7.5504180357119175,1.3708688098131372,2
5.144162685462708,4.945054149997186,1
6.025497169224257,7.425833245229629,2
1.4116915169137738,7.264511039379372,2
5.214423314447442,0.5104405858139224,2
6.82501803836482,7.043896107283668,2
5.541593311303241,0.4199361079915078,2
5.195018396251569,2.2547381266325917,2
4.345106068706972,5.946623114118864,1
5.0336351850782295,1.6176035855789124,2
7.5282413802224,0.7926804885251804,2
3.2987574891399296,0.8903521805218879,2
2.3045500869074655,4.5208244657432255,1
5.160563174220802,3.8387309687290863,1
3.721983083092612,4.399451516840684,1
5.7119508829484165,1.4966528979896359,2
3.935363983491616,2.3724112080962656,1
0.3943231194388931,2.4577828862907634,2
6.5137214913332375,1.5825443524104945,2
5.295925835549506,0.27871493061483166,2
5.881674539613116,2.225184265932141,2
4.367652937264457,1.4460811465512537,2
5.032090719882606,3.159847979063131,1
5.953742354832514,4.290702949957949,1
1.4614712256845503,4.397545295157719,2
5.470292993277496,2.3952332419003373,2
5.813091787280661,3.21265475817085,1
4.5944479486454455,7.837305862059349,2
1.9481341950876387,5.753198759418689,2
2.6823518471824874,0.4150090127260839,2
6.734794915720376,1.6187501358447343,2
7.893851147409751,5.645367280495821,2
2.0714621705870897,0.48234170088895933,2
0.5325392377285103,4.575293721160855,2
0.5840289205807411,6.407007856459744,2
6.753513465553808,0.39591952708712236,2
3.3304302140613786,7.512399829019876,2
5.171691358718404,7.49950569366796,2
3.6450719248595984,1.448098654861531,2
6.546229702165682,1.0033683006033751,2
5.334832496439744,3.98028659772242,1
2.3613494130730257,6.74065365265126,2
4.023601458123432,0.1589617724514436,2
7.537406332378824,3.172272013425413,2
6.68836728698654,6.613858942284538,2
7.314506836469694,5.114768123673876,2
6.022224640488504,0.8278450603961102,2
7.678176181481044,7.545053606451816,2
4.618328070655256,4.436489394067641,1
2.133596359614857,6.480605465536123,2
1.8400560550768348,2.368584560463509,2
6.067813101542106,4.162868245722678,2
7.175025369249811,7.105955519139428,2
6.587614688282705,0.5483265785844298,2
6.888689734620773,1.8367059432813142,2
7.235617230987527,4.320260636962702,2
4.885824700958464,1.1569230329031002,2
0.9001382952049148,6.512225297739216,2
2.384107631271223,0.5287259607952248,2
5.4838695235073285,4.555564414862709,1
4.367138750469377,0.15099646454909665,2
4.10371827311984,2.0636148078809,1
2.5017674455435026,2.288628944572157,2
1.7620130721081744,1.3637220182007266,2
7.313152785686963,3.4272173694143935,2
6.3219814857476235,2.761594737965525,2
3.8649982400273752,0.12992748087578807,2
7.712609220891312,3.3212831883197445,2
1.164802051746816,1.1758854270959305,2
7.092197824832246,0.8409984422160895,2
5.162625365641805,5.728221589407277,2
0.5605889093091406,7.565561800464018,2
6.373415504702789,3.2694572027850852,2
5.206575395325825,3.516763750924961,1
4.414334512107191,2.3875340868718897,1
1.1870110193063512,2.962524308281299,2
1.6878747706342236,5.54181672541953,2
6.241690848122656,1.7658577961150785,2
5.2998206916893205,1.5341855124878478,2
7.675788486674375,7.8033103010934415,2
5.293252805352272,1.699485416910263,2
6.682789590431932,1.0569877625284447,2
1.5137027031836248,6.377228350513724,2
2.3943155366469666,4.766173305702848,1
5.380764222172503,7.142439294830693,2
4.771603489603282,2.6124490812138066,1
2.113040813273307,7.556858044882629,2
5.2904592339631655,1.2232882990999074,2
7.337661794329167,6.419548024035743,2
4.970389091701414,3.1835129888827662,1
2.5566765551673996,3.5336423441488876,1
6.720444505685638,3.584303340638448,2
7.651666657363998,2.109467260461625,2
3.5479845621611577,3.742165908819003,1
5.9598362043098625,0.007685949315302178,2
7.007195568140897,4.186470542140586,2
2.8820024486775475,1.4897507044886646,2
7.180047755501614,0.056645960375194926,2
5.2743784852324245,2.6537033726692263,1
6.236550176673799,6.44907276837623,2
